q , F , sin2i , Teff , logg , a1c 
0.05 , 0.3 , 0.2 , 4935 , 4.5963 , 0.00004392 
0.05 , 0.5 , 0.2 , 4935 , 4.5963 , 0.00033671 
0.05 , 0.7 , 0.2 , 4935 , 4.5963 , 0.00127622 
0.05 , 0.9 , 0.2 , 4935 , 4.5963 , 0.00351036 
0.05 , 0.3 , 0.4 , 4935 , 4.5963 , 0.00004111 
0.05 , 0.5 , 0.4 , 4935 , 4.5963 , 0.00031024 
0.05 , 0.7 , 0.4 , 4935 , 4.5963 , 0.00113531 
0.05 , 0.9 , 0.4 , 4935 , 4.5963 , 0.00280068 
0.05 , 0.3 , 0.6 , 4935 , 4.5963 , 0.00002486 
0.05 , 0.5 , 0.6 , 4935 , 4.5963 , 0.00017957 
0.05 , 0.7 , 0.6 , 4935 , 4.5963 , 0.00057714 
0.05 , 0.9 , 0.6 , 4935 , 4.5963 , 0.00070623 
0.05 , 0.3 , 0.8 , 4935 , 4.5963 , -0.00000056 
0.05 , 0.5 , 0.8 , 4935 , 4.5963 , -0.00002176 
0.05 , 0.7 , 0.8 , 4935 , 4.5963 , -0.00027015 
0.05 , 0.9 , 0.8 , 4935 , 4.5963 , -0.00245526 
0.05 , 0.3 , 1.0 , 4935 , 4.5963 , -0.00003313 
0.05 , 0.5 , 1.0 , 4935 , 4.5963 , -0.00027824 
0.05 , 0.7 , 1.0 , 4935 , 4.5963 , -0.00135264 
0.05 , 0.9 , 1.0 , 4935 , 4.5963 , -0.00661166 
0.10 , 0.3 , 0.2 , 4935 , 4.5963 , 0.00006233 
0.10 , 0.5 , 0.2 , 4935 , 4.5963 , 0.00047695 
0.10 , 0.7 , 0.2 , 4935 , 4.5963 , 0.00179438 
0.10 , 0.9 , 0.2 , 4935 , 4.5963 , 0.00482916 
0.10 , 0.3 , 0.4 , 4935 , 4.5963 , 0.00005842 
0.10 , 0.5 , 0.4 , 4935 , 4.5963 , 0.00044057 
0.10 , 0.7 , 0.4 , 4935 , 4.5963 , 0.00160169 
0.10 , 0.9 , 0.4 , 4935 , 4.5963 , 0.00388689 
0.10 , 0.3 , 0.6 , 4935 , 4.5963 , 0.00003533 
0.10 , 0.5 , 0.6 , 4935 , 4.5963 , 0.00025582 
0.10 , 0.7 , 0.6 , 4935 , 4.5963 , 0.00082081 
0.10 , 0.9 , 0.6 , 4935 , 4.5963 , 0.00105123 
0.10 , 0.3 , 0.8 , 4935 , 4.5963 , -0.00000075 
0.10 , 0.5 , 0.8 , 4935 , 4.5963 , -0.00002944 
0.10 , 0.7 , 0.8 , 4935 , 4.5963 , -0.00036699 
0.10 , 0.9 , 0.8 , 4935 , 4.5963 , -0.00320924 
0.10 , 0.3 , 1.0 , 4935 , 4.5963 , -0.00004709 
0.10 , 0.5 , 1.0 , 4935 , 4.5963 , -0.00039337 
0.10 , 0.7 , 1.0 , 4935 , 4.5963 , -0.00188256 
0.10 , 0.9 , 1.0 , 4935 , 4.5963 , -0.00875224 
1.00 , 0.3 , 0.2 , 4935 , 4.5963 , 0.00011434 
1.00 , 0.5 , 0.2 , 4935 , 4.5963 , 0.00086346 
1.00 , 0.7 , 0.2 , 4935 , 4.5963 , 0.00313768 
1.00 , 0.9 , 0.2 , 4935 , 4.5963 , 0.00769133 
1.00 , 0.3 , 0.4 , 4935 , 4.5963 , 0.00010729 
1.00 , 0.5 , 0.4 , 4935 , 4.5963 , 0.00080039 
1.00 , 0.7 , 0.4 , 4935 , 4.5963 , 0.00280129 
1.00 , 0.9 , 0.4 , 4935 , 4.5963 , 0.00609487 
1.00 , 0.3 , 0.6 , 4935 , 4.5963 , 0.00006492 
1.00 , 0.5 , 0.6 , 4935 , 4.5963 , 0.00046337 
1.00 , 0.7 , 0.6 , 4935 , 4.5963 , 0.00138730 
1.00 , 0.9 , 0.6 , 4935 , 4.5963 , 0.00118183 
1.00 , 0.3 , 0.8 , 4935 , 4.5963 , -0.00000170 
1.00 , 0.5 , 0.8 , 4935 , 4.5963 , -0.00006386 
1.00 , 0.7 , 0.8 , 4935 , 4.5963 , -0.00080025 
1.00 , 0.9 , 0.8 , 4935 , 4.5963 , -0.00631798 
1.00 , 0.3 , 1.0 , 4935 , 4.5963 , -0.00008741 
1.00 , 0.5 , 1.0 , 4935 , 4.5963 , -0.00074257 
1.00 , 0.7 , 1.0 , 4935 , 4.5963 , -0.00362615 
1.00 , 0.9 , 1.0 , 4935 , 4.5963 , -0.01612647 
10.00 , 0.3 , 0.2 , 4935 , 4.5963 , 0.00010091 
10.00 , 0.5 , 0.2 , 4935 , 4.5963 , 0.00074965 
10.00 , 0.7 , 0.2 , 4935 , 4.5963 , 0.00260247 
10.00 , 0.9 , 0.2 , 4935 , 4.5963 , 0.00590807 
10.00 , 0.3 , 0.4 , 4935 , 4.5963 , 0.00009483 
10.00 , 0.5 , 0.4 , 4935 , 4.5963 , 0.00069391 
10.00 , 0.7 , 0.4 , 4935 , 4.5963 , 0.00228277 
10.00 , 0.9 , 0.4 , 4935 , 4.5963 , 0.00442088 
10.00 , 0.3 , 0.6 , 4935 , 4.5963 , 0.00005735 
10.00 , 0.5 , 0.6 , 4935 , 4.5963 , 0.00039472 
10.00 , 0.7 , 0.6 , 4935 , 4.5963 , 0.00100424 
10.00 , 0.9 , 0.6 , 4935 , 4.5963 , -0.00005600 
10.00 , 0.3 , 0.8 , 4935 , 4.5963 , -0.00000186 
10.00 , 0.5 , 0.8 , 4935 , 4.5963 , -0.00007739 
10.00 , 0.7 , 0.8 , 4935 , 4.5963 , -0.00100063 
10.00 , 0.9 , 0.8 , 4935 , 4.5963 , -0.00712809 
10.00 , 0.3 , 1.0 , 4935 , 4.5963 , -0.00007839 
10.00 , 0.5 , 1.0 , 4935 , 4.5963 , -0.00069107 
10.00 , 0.7 , 1.0 , 4935 , 4.5963 , -0.00363601 
10.00 , 0.9 , 1.0 , 4935 , 4.5963 , -0.01671466 
0.05 , 0.3 , 0.2 , 5778 , 4.4387 , 0.00003594 
0.05 , 0.5 , 0.2 , 5778 , 4.4387 , 0.00027593 
0.05 , 0.7 , 0.2 , 5778 , 4.4387 , 0.00110681 
0.05 , 0.9 , 0.2 , 5778 , 4.4387 , 0.00304669 
0.05 , 0.3 , 0.4 , 5778 , 4.4387 , 0.00003359 
0.05 , 0.5 , 0.4 , 5778 , 4.4387 , 0.00025379 
0.05 , 0.7 , 0.4 , 5778 , 4.4387 , 0.00102077 
0.05 , 0.9 , 0.4 , 5778 , 4.4387 , 0.00250052 
0.05 , 0.3 , 0.6 , 5778 , 4.4387 , 0.00002032 
0.05 , 0.5 , 0.6 , 5778 , 4.4387 , 0.00014632 
0.05 , 0.7 , 0.6 , 5778 , 4.4387 , 0.00059435 
0.05 , 0.9 , 0.6 , 5778 , 4.4387 , 0.00085589 
0.05 , 0.3 , 0.8 , 5778 , 4.4387 , -0.00000043 
0.05 , 0.5 , 0.8 , 5778 , 4.4387 , -0.00001839 
0.05 , 0.7 , 0.8 , 5778 , 4.4387 , -0.00006207 
0.05 , 0.9 , 0.8 , 5778 , 4.4387 , -0.00157406 
0.05 , 0.3 , 1.0 , 5778 , 4.4387 , -0.00002705 
0.05 , 0.5 , 1.0 , 5778 , 4.4387 , -0.00022730 
0.05 , 0.7 , 1.0 , 5778 , 4.4387 , -0.00090043 
0.05 , 0.9 , 1.0 , 5778 , 4.4387 , -0.00468145 
0.10 , 0.3 , 0.2 , 5778 , 4.4387 , 0.00005098 
0.10 , 0.5 , 0.2 , 5778 , 4.4387 , 0.00039074 
0.10 , 0.7 , 0.2 , 5778 , 4.4387 , 0.00156995 
0.10 , 0.9 , 0.2 , 5778 , 4.4387 , 0.00422340 
0.10 , 0.3 , 0.4 , 5778 , 4.4387 , 0.00004779 
0.10 , 0.5 , 0.4 , 5778 , 4.4387 , 0.00036023 
0.10 , 0.7 , 0.4 , 5778 , 4.4387 , 0.00146329 
0.10 , 0.9 , 0.4 , 5778 , 4.4387 , 0.00352591 
0.10 , 0.3 , 0.6 , 5778 , 4.4387 , 0.00002892 
0.10 , 0.5 , 0.6 , 5778 , 4.4387 , 0.00020851 
0.10 , 0.7 , 0.6 , 5778 , 4.4387 , 0.00087553 
0.10 , 0.9 , 0.6 , 5778 , 4.4387 , 0.00131450 
0.10 , 0.3 , 0.8 , 5778 , 4.4387 , -0.00000064 
0.10 , 0.5 , 0.8 , 5778 , 4.4387 , -0.00002478 
0.10 , 0.7 , 0.8 , 5778 , 4.4387 , -0.00003818 
0.10 , 0.9 , 0.8 , 5778 , 4.4387 , -0.00196608 
0.10 , 0.3 , 1.0 , 5778 , 4.4387 , -0.00003846 
0.10 , 0.5 , 1.0 , 5778 , 4.4387 , -0.00032150 
0.10 , 0.7 , 1.0 , 5778 , 4.4387 , -0.00120887 
0.10 , 0.9 , 1.0 , 5778 , 4.4387 , -0.00614380 
1.00 , 0.3 , 0.2 , 5778 , 4.4387 , 0.00009359 
1.00 , 0.5 , 0.2 , 5778 , 4.4387 , 0.00070729 
1.00 , 0.7 , 0.2 , 5778 , 4.4387 , 0.00278563 
1.00 , 0.9 , 0.2 , 5778 , 4.4387 , 0.00691850 
1.00 , 0.3 , 0.4 , 5778 , 4.4387 , 0.00008768 
1.00 , 0.5 , 0.4 , 5778 , 4.4387 , 0.00065443 
1.00 , 0.7 , 0.4 , 5778 , 4.4387 , 0.00261821 
1.00 , 0.9 , 0.4 , 5778 , 4.4387 , 0.00578619 
1.00 , 0.3 , 0.6 , 5778 , 4.4387 , 0.00005323 
1.00 , 0.5 , 0.6 , 5778 , 4.4387 , 0.00037768 
1.00 , 0.7 , 0.6 , 5778 , 4.4387 , 0.00156472 
1.00 , 0.9 , 0.6 , 5778 , 4.4387 , 0.00194415 
1.00 , 0.3 , 0.8 , 5778 , 4.4387 , -0.00000128 
1.00 , 0.5 , 0.8 , 5778 , 4.4387 , -0.00005364 
1.00 , 0.7 , 0.8 , 5778 , 4.4387 , -0.00011385 
1.00 , 0.9 , 0.8 , 5778 , 4.4387 , -0.00391315 
1.00 , 0.3 , 1.0 , 5778 , 4.4387 , -0.00007144 
1.00 , 0.5 , 1.0 , 5778 , 4.4387 , -0.00060789 
1.00 , 0.7 , 1.0 , 5778 , 4.4387 , -0.00229940 
1.00 , 0.9 , 1.0 , 5778 , 4.4387 , -0.01147478 
10.00 , 0.3 , 0.2 , 5778 , 4.4387 , 0.00008253 
10.00 , 0.5 , 0.2 , 5778 , 4.4387 , 0.00062446 
10.00 , 0.7 , 0.2 , 5778 , 4.4387 , 0.00234584 
10.00 , 0.9 , 0.2 , 5778 , 4.4387 , 0.00518665 
10.00 , 0.3 , 0.4 , 5778 , 4.4387 , 0.00007751 
10.00 , 0.5 , 0.4 , 5778 , 4.4387 , 0.00058476 
10.00 , 0.7 , 0.4 , 5778 , 4.4387 , 0.00218379 
10.00 , 0.9 , 0.4 , 5778 , 4.4387 , 0.00393920 
10.00 , 0.3 , 0.6 , 5778 , 4.4387 , 0.00004679 
10.00 , 0.5 , 0.6 , 5778 , 4.4387 , 0.00034561 
10.00 , 0.7 , 0.6 , 5778 , 4.4387 , 0.00123159 
10.00 , 0.9 , 0.6 , 5778 , 4.4387 , 0.00023140 
10.00 , 0.3 , 0.8 , 5778 , 4.4387 , -0.00000165 
10.00 , 0.5 , 0.8 , 5778 , 4.4387 , -0.00003432 
10.00 , 0.7 , 0.8 , 5778 , 4.4387 , -0.00030623 
10.00 , 0.9 , 0.8 , 5778 , 4.4387 , -0.00550000 
10.00 , 0.3 , 1.0 , 5778 , 4.4387 , -0.00006414 
10.00 , 0.5 , 1.0 , 5778 , 4.4387 , -0.00052892 
10.00 , 0.7 , 1.0 , 5778 , 4.4387 , -0.00234277 
10.00 , 0.9 , 1.0 , 5778 , 4.4387 , -0.01308278 
0.05 , 0.3 , 0.2 , 8550 , 4.1333 , 0.00003064 
0.05 , 0.5 , 0.2 , 8550 , 4.1333 , 0.00022869 
0.05 , 0.7 , 0.2 , 8550 , 4.1333 , 0.00082791 
0.05 , 0.9 , 0.2 , 8550 , 4.1333 , 0.00182346 
0.05 , 0.3 , 0.4 , 8550 , 4.1333 , 0.00002861 
0.05 , 0.5 , 0.4 , 8550 , 4.1333 , 0.00020696 
0.05 , 0.7 , 0.4 , 8550 , 4.1333 , 0.00070233 
0.05 , 0.9 , 0.4 , 8550 , 4.1333 , 0.00106157 
0.05 , 0.3 , 0.6 , 8550 , 4.1333 , 0.00001728 
0.05 , 0.5 , 0.6 , 8550 , 4.1333 , 0.00011250 
0.05 , 0.7 , 0.6 , 8550 , 4.1333 , 0.00028861 
0.05 , 0.9 , 0.6 , 8550 , 4.1333 , -0.00061849 
0.05 , 0.3 , 0.8 , 8550 , 4.1333 , -0.00000052 
0.05 , 0.5 , 0.8 , 8550 , 4.1333 , -0.00003126 
0.05 , 0.7 , 0.8 , 8550 , 4.1333 , -0.00032707 
0.05 , 0.9 , 0.8 , 8550 , 4.1333 , -0.00301415 
0.05 , 0.3 , 1.0 , 8550 , 4.1333 , -0.00002331 
0.05 , 0.5 , 1.0 , 8550 , 4.1333 , -0.00021368 
0.05 , 0.7 , 1.0 , 8550 , 4.1333 , -0.00110742 
0.05 , 0.9 , 1.0 , 8550 , 4.1333 , -0.00607208 
0.10 , 0.3 , 0.2 , 8550 , 4.1333 , 0.00004346 
0.10 , 0.5 , 0.2 , 8550 , 4.1333 , 0.00032457 
0.10 , 0.7 , 0.2 , 8550 , 4.1333 , 0.00116813 
0.10 , 0.9 , 0.2 , 8550 , 4.1333 , 0.00255958 
0.10 , 0.3 , 0.4 , 8550 , 4.1333 , 0.00004070 
0.10 , 0.5 , 0.4 , 8550 , 4.1333 , 0.00029480 
0.10 , 0.7 , 0.4 , 8550 , 4.1333 , 0.00099624 
0.10 , 0.9 , 0.4 , 8550 , 4.1333 , 0.00156831 
0.10 , 0.3 , 0.6 , 8550 , 4.1333 , 0.00002447 
0.10 , 0.5 , 0.6 , 8550 , 4.1333 , 0.00016181 
0.10 , 0.7 , 0.6 , 8550 , 4.1333 , 0.00041807 
0.10 , 0.9 , 0.6 , 8550 , 4.1333 , -0.00067650 
0.10 , 0.3 , 0.8 , 8550 , 4.1333 , -0.00000076 
0.10 , 0.5 , 0.8 , 8550 , 4.1333 , -0.00004144 
0.10 , 0.7 , 0.8 , 8550 , 4.1333 , -0.00044454 
0.10 , 0.9 , 0.8 , 8550 , 4.1333 , -0.00387627 
0.10 , 0.3 , 1.0 , 8550 , 4.1333 , -0.00003313 
0.10 , 0.5 , 1.0 , 8550 , 4.1333 , -0.00029988 
0.10 , 0.7 , 1.0 , 8550 , 4.1333 , -0.00153738 
0.10 , 0.9 , 1.0 , 8550 , 4.1333 , -0.00792811 
1.00 , 0.3 , 0.2 , 8550 , 4.1333 , 0.00007970 
1.00 , 0.5 , 0.2 , 8550 , 4.1333 , 0.00058010 
1.00 , 0.7 , 0.2 , 8550 , 4.1333 , 0.00198808 
1.00 , 0.9 , 0.2 , 8550 , 4.1333 , 0.00383056 
1.00 , 0.3 , 0.4 , 8550 , 4.1333 , 0.00007460 
1.00 , 0.5 , 0.4 , 8550 , 4.1333 , 0.00052491 
1.00 , 0.7 , 0.4 , 8550 , 4.1333 , 0.00166553 
1.00 , 0.9 , 0.4 , 8550 , 4.1333 , 0.00210284 
1.00 , 0.3 , 0.6 , 8550 , 4.1333 , 0.00004504 
1.00 , 0.5 , 0.6 , 8550 , 4.1333 , 0.00027977 
1.00 , 0.7 , 0.6 , 8550 , 4.1333 , 0.00060473 
1.00 , 0.9 , 0.6 , 8550 , 4.1333 , -0.00179704 
1.00 , 0.3 , 0.8 , 8550 , 4.1333 , -0.00000157 
1.00 , 0.5 , 0.8 , 8550 , 4.1333 , -0.00009779 
1.00 , 0.7 , 0.8 , 8550 , 4.1333 , -0.00099256 
1.00 , 0.9 , 0.8 , 8550 , 4.1333 , -0.00742975 
1.00 , 0.3 , 1.0 , 8550 , 4.1333 , -0.00006165 
1.00 , 0.5 , 1.0 , 8550 , 4.1333 , -0.00058112 
1.00 , 0.7 , 1.0 , 8550 , 4.1333 , -0.00303608 
1.00 , 0.9 , 1.0 , 8550 , 4.1333 , -0.01460364 
10.00 , 0.3 , 0.2 , 8550 , 4.1333 , 0.00007019 
10.00 , 0.5 , 0.2 , 8550 , 4.1333 , 0.00049624 
10.00 , 0.7 , 0.2 , 8550 , 4.1333 , 0.00158105 
10.00 , 0.9 , 0.2 , 8550 , 4.1333 , 0.00228277 
10.00 , 0.3 , 0.4 , 8550 , 4.1333 , 0.00006584 
10.00 , 0.5 , 0.4 , 8550 , 4.1333 , 0.00044464 
10.00 , 0.7 , 0.4 , 8550 , 4.1333 , 0.00125768 
10.00 , 0.9 , 0.4 , 8550 , 4.1333 , 0.00050148 
10.00 , 0.3 , 0.6 , 8550 , 4.1333 , 0.00003949 
10.00 , 0.5 , 0.6 , 8550 , 4.1333 , 0.00022492 
10.00 , 0.7 , 0.6 , 8550 , 4.1333 , 0.00028309 
10.00 , 0.9 , 0.6 , 8550 , 4.1333 , -0.00318455 
10.00 , 0.3 , 0.8 , 8550 , 4.1333 , -0.00000195 
10.00 , 0.5 , 0.8 , 8550 , 4.1333 , -0.00011491 
10.00 , 0.7 , 0.8 , 8550 , 4.1333 , -0.00119277 
10.00 , 0.9 , 0.8 , 8550 , 4.1333 , -0.00858540 
10.00 , 0.3 , 1.0 , 8550 , 4.1333 , -0.00005554 
10.00 , 0.5 , 1.0 , 8550 , 4.1333 , -0.00055346 
10.00 , 0.7 , 1.0 , 8550 , 4.1333 , -0.00310813 
10.00 , 0.9 , 1.0 , 8550 , 4.1333 , -0.01565460 
0.05 , 0.3 , 0.2 , 16700 , 4.0722 , 0.00001485 
0.05 , 0.5 , 0.2 , 16700 , 4.0722 , 0.00011377 
0.05 , 0.7 , 0.2 , 16700 , 4.0722 , 0.00042419 
0.05 , 0.9 , 0.2 , 16700 , 4.0722 , 0.00111070 
0.05 , 0.3 , 0.4 , 16700 , 4.0722 , 0.00001382 
0.05 , 0.5 , 0.4 , 16700 , 4.0722 , 0.00010301 
0.05 , 0.7 , 0.4 , 16700 , 4.0722 , 0.00036215 
0.05 , 0.9 , 0.4 , 16700 , 4.0722 , 0.00075244 
0.05 , 0.3 , 0.6 , 16700 , 4.0722 , 0.00000835 
0.05 , 0.5 , 0.6 , 16700 , 4.0722 , 0.00005776 
0.05 , 0.7 , 0.6 , 16700 , 4.0722 , 0.00016150 
0.05 , 0.9 , 0.6 , 16700 , 4.0722 , -0.00005056 
0.05 , 0.3 , 0.8 , 16700 , 4.0722 , -0.00000023 
0.05 , 0.5 , 0.8 , 16700 , 4.0722 , -0.00001069 
0.05 , 0.7 , 0.8 , 16700 , 4.0722 , -0.00013043 
0.05 , 0.9 , 0.8 , 16700 , 4.0722 , -0.00115383 
0.05 , 0.3 , 1.0 , 16700 , 4.0722 , -0.00001127 
0.05 , 0.5 , 1.0 , 16700 , 4.0722 , -0.00009682 
0.05 , 0.7 , 1.0 , 16700 , 4.0722 , -0.00049237 
0.05 , 0.9 , 1.0 , 16700 , 4.0722 , -0.00249839 
0.10 , 0.3 , 0.2 , 16700 , 4.0722 , 0.00002101 
0.10 , 0.5 , 0.2 , 16700 , 4.0722 , 0.00015974 
0.10 , 0.7 , 0.2 , 16700 , 4.0722 , 0.00059482 
0.10 , 0.9 , 0.2 , 16700 , 4.0722 , 0.00152566 
0.10 , 0.3 , 0.4 , 16700 , 4.0722 , 0.00001963 
0.10 , 0.5 , 0.4 , 16700 , 4.0722 , 0.00014517 
0.10 , 0.7 , 0.4 , 16700 , 4.0722 , 0.00051079 
0.10 , 0.9 , 0.4 , 16700 , 4.0722 , 0.00106059 
0.10 , 0.3 , 0.6 , 16700 , 4.0722 , 0.00001184 
0.10 , 0.5 , 0.6 , 16700 , 4.0722 , 0.00007844 
0.10 , 0.7 , 0.6 , 16700 , 4.0722 , 0.00023095 
0.10 , 0.9 , 0.6 , 16700 , 4.0722 , -0.00001676 
0.10 , 0.3 , 0.8 , 16700 , 4.0722 , -0.00000048 
0.10 , 0.5 , 0.8 , 16700 , 4.0722 , -0.00001580 
0.10 , 0.7 , 0.8 , 16700 , 4.0722 , -0.00017866 
0.10 , 0.9 , 0.8 , 16700 , 4.0722 , -0.00150632 
0.10 , 0.3 , 1.0 , 16700 , 4.0722 , -0.00001603 
0.10 , 0.5 , 1.0 , 16700 , 4.0722 , -0.00013781 
0.10 , 0.7 , 1.0 , 16700 , 4.0722 , -0.00068799 
0.10 , 0.9 , 1.0 , 16700 , 4.0722 , -0.00332132 
1.00 , 0.3 , 0.2 , 16700 , 4.0722 , 0.00003861 
1.00 , 0.5 , 0.2 , 16700 , 4.0722 , 0.00028863 
1.00 , 0.7 , 0.2 , 16700 , 4.0722 , 0.00101844 
1.00 , 0.9 , 0.2 , 16700 , 4.0722 , 0.00230150 
1.00 , 0.3 , 0.4 , 16700 , 4.0722 , 0.00003615 
1.00 , 0.5 , 0.4 , 16700 , 4.0722 , 0.00026408 
1.00 , 0.7 , 0.4 , 16700 , 4.0722 , 0.00086633 
1.00 , 0.9 , 0.4 , 16700 , 4.0722 , 0.00146927 
1.00 , 0.3 , 0.6 , 16700 , 4.0722 , 0.00002175 
1.00 , 0.5 , 0.6 , 16700 , 4.0722 , 0.00014743 
1.00 , 0.7 , 0.6 , 16700 , 4.0722 , 0.00035557 
1.00 , 0.9 , 0.6 , 16700 , 4.0722 , -0.00045377 
1.00 , 0.3 , 0.8 , 16700 , 4.0722 , -0.00000079 
1.00 , 0.5 , 0.8 , 16700 , 4.0722 , -0.00003243 
1.00 , 0.7 , 0.8 , 16700 , 4.0722 , -0.00040521 
1.00 , 0.9 , 0.8 , 16700 , 4.0722 , -0.00316639 
1.00 , 0.3 , 1.0 , 16700 , 4.0722 , -0.00002984 
1.00 , 0.5 , 1.0 , 16700 , 4.0722 , -0.00026200 
1.00 , 0.7 , 1.0 , 16700 , 4.0722 , -0.00136526 
1.00 , 0.9 , 1.0 , 16700 , 4.0722 , -0.00651904 
10.00 , 0.3 , 0.2 , 16700 , 4.0722 , 0.00003398 
10.00 , 0.5 , 0.2 , 16700 , 4.0722 , 0.00024891 
10.00 , 0.7 , 0.2 , 16700 , 4.0722 , 0.00082999 
10.00 , 0.9 , 0.2 , 16700 , 4.0722 , 0.00144994 
10.00 , 0.3 , 0.4 , 16700 , 4.0722 , 0.00003183 
10.00 , 0.5 , 0.4 , 16700 , 4.0722 , 0.00022621 
10.00 , 0.7 , 0.4 , 16700 , 4.0722 , 0.00067961 
10.00 , 0.9 , 0.4 , 16700 , 4.0722 , 0.00049772 
10.00 , 0.3 , 0.6 , 16700 , 4.0722 , 0.00001905 
10.00 , 0.5 , 0.6 , 16700 , 4.0722 , 0.00012188 
10.00 , 0.7 , 0.6 , 16700 , 4.0722 , 0.00021039 
10.00 , 0.9 , 0.6 , 16700 , 4.0722 , -0.00143990 
10.00 , 0.3 , 0.8 , 16700 , 4.0722 , -0.00000106 
10.00 , 0.5 , 0.8 , 16700 , 4.0722 , -0.00003984 
10.00 , 0.7 , 0.8 , 16700 , 4.0722 , -0.00049287 
10.00 , 0.9 , 0.8 , 16700 , 4.0722 , -0.00417078 
10.00 , 0.3 , 1.0 , 16700 , 4.0722 , -0.00002689 
10.00 , 0.5 , 1.0 , 16700 , 4.0722 , -0.00024792 
10.00 , 0.7 , 1.0 , 16700 , 4.0722 , -0.00139221 
10.00 , 0.9 , 1.0 , 16700 , 4.0722 , -0.00759696 
