q , F , sin2i , Teff , logg , a1c 
0.05 , 0.3 , 0.2 , 4935 , 4.5963 , 0.00002853 
0.05 , 0.5 , 0.2 , 4935 , 4.5963 , 0.00021956 
0.05 , 0.7 , 0.2 , 4935 , 4.5963 , 0.00084067 
0.05 , 0.9 , 0.2 , 4935 , 4.5963 , 0.00234696 
0.05 , 0.3 , 0.4 , 4935 , 4.5963 , 0.00002666 
0.05 , 0.5 , 0.4 , 4935 , 4.5963 , 0.00020161 
0.05 , 0.7 , 0.4 , 4935 , 4.5963 , 0.00074083 
0.05 , 0.9 , 0.4 , 4935 , 4.5963 , 0.00180548 
0.05 , 0.3 , 0.6 , 4935 , 4.5963 , 0.00001614 
0.05 , 0.5 , 0.6 , 4935 , 4.5963 , 0.00011628 
0.05 , 0.7 , 0.6 , 4935 , 4.5963 , 0.00037220 
0.05 , 0.9 , 0.6 , 4935 , 4.5963 , 0.00038438 
0.05 , 0.3 , 0.8 , 4935 , 4.5963 , -0.00000036 
0.05 , 0.5 , 0.8 , 4935 , 4.5963 , -0.00001416 
0.05 , 0.7 , 0.8 , 4935 , 4.5963 , -0.00017590 
0.05 , 0.9 , 0.8 , 4935 , 4.5963 , -0.00165250 
0.05 , 0.3 , 1.0 , 4935 , 4.5963 , -0.00002145 
0.05 , 0.5 , 1.0 , 4935 , 4.5963 , -0.00017928 
0.05 , 0.7 , 1.0 , 4935 , 4.5963 , -0.00086383 
0.05 , 0.9 , 1.0 , 4935 , 4.5963 , -0.00420785 
0.10 , 0.3 , 0.2 , 4935 , 4.5963 , 0.00004047 
0.10 , 0.5 , 0.2 , 4935 , 4.5963 , 0.00031083 
0.10 , 0.7 , 0.2 , 4935 , 4.5963 , 0.00118129 
0.10 , 0.9 , 0.2 , 4935 , 4.5963 , 0.00322580 
0.10 , 0.3 , 0.4 , 4935 , 4.5963 , 0.00003791 
0.10 , 0.5 , 0.4 , 4935 , 4.5963 , 0.00028628 
0.10 , 0.7 , 0.4 , 4935 , 4.5963 , 0.00104646 
0.10 , 0.9 , 0.4 , 4935 , 4.5963 , 0.00252351 
0.10 , 0.3 , 0.6 , 4935 , 4.5963 , 0.00002290 
0.10 , 0.5 , 0.6 , 4935 , 4.5963 , 0.00016572 
0.10 , 0.7 , 0.6 , 4935 , 4.5963 , 0.00053177 
0.10 , 0.9 , 0.6 , 4935 , 4.5963 , 0.00061213 
0.10 , 0.3 , 0.8 , 4935 , 4.5963 , -0.00000047 
0.10 , 0.5 , 0.8 , 4935 , 4.5963 , -0.00001915 
0.10 , 0.7 , 0.8 , 4935 , 4.5963 , -0.00023750 
0.10 , 0.9 , 0.8 , 4935 , 4.5963 , -0.00213732 
0.10 , 0.3 , 1.0 , 4935 , 4.5963 , -0.00003049 
0.10 , 0.5 , 1.0 , 4935 , 4.5963 , -0.00025371 
0.10 , 0.7 , 1.0 , 4935 , 4.5963 , -0.00120490 
0.10 , 0.9 , 1.0 , 4935 , 4.5963 , -0.00557605 
1.00 , 0.3 , 0.2 , 4935 , 4.5963 , 0.00007422 
1.00 , 0.5 , 0.2 , 4935 , 4.5963 , 0.00056265 
1.00 , 0.7 , 0.2 , 4935 , 4.5963 , 0.00206614 
1.00 , 0.9 , 0.2 , 4935 , 4.5963 , 0.00515075 
1.00 , 0.3 , 0.4 , 4935 , 4.5963 , 0.00006962 
1.00 , 0.5 , 0.4 , 4935 , 4.5963 , 0.00052049 
1.00 , 0.7 , 0.4 , 4935 , 4.5963 , 0.00183496 
1.00 , 0.9 , 0.4 , 4935 , 4.5963 , 0.00396815 
1.00 , 0.3 , 0.6 , 4935 , 4.5963 , 0.00004210 
1.00 , 0.5 , 0.6 , 4935 , 4.5963 , 0.00030074 
1.00 , 0.7 , 0.6 , 4935 , 4.5963 , 0.00090462 
1.00 , 0.9 , 0.6 , 4935 , 4.5963 , 0.00062611 
1.00 , 0.3 , 0.8 , 4935 , 4.5963 , -0.00000110 
1.00 , 0.5 , 0.8 , 4935 , 4.5963 , -0.00004129 
1.00 , 0.7 , 0.8 , 4935 , 4.5963 , -0.00051602 
1.00 , 0.9 , 0.8 , 4935 , 4.5963 , -0.00430333 
1.00 , 0.3 , 1.0 , 4935 , 4.5963 , -0.00005663 
1.00 , 0.5 , 1.0 , 4935 , 4.5963 , -0.00047980 
1.00 , 0.7 , 1.0 , 4935 , 4.5963 , -0.00233106 
1.00 , 0.9 , 1.0 , 4935 , 4.5963 , -0.01055540 
10.00 , 0.3 , 0.2 , 4935 , 4.5963 , 0.00006551 
10.00 , 0.5 , 0.2 , 4935 , 4.5963 , 0.00048918 
10.00 , 0.7 , 0.2 , 4935 , 4.5963 , 0.00172363 
10.00 , 0.9 , 0.2 , 4935 , 4.5963 , 0.00388263 
10.00 , 0.3 , 0.4 , 4935 , 4.5963 , 0.00006155 
10.00 , 0.5 , 0.4 , 4935 , 4.5963 , 0.00045183 
10.00 , 0.7 , 0.4 , 4935 , 4.5963 , 0.00150391 
10.00 , 0.9 , 0.4 , 4935 , 4.5963 , 0.00266373 
10.00 , 0.3 , 0.6 , 4935 , 4.5963 , 0.00003722 
10.00 , 0.5 , 0.6 , 4935 , 4.5963 , 0.00025653 
10.00 , 0.7 , 0.6 , 4935 , 4.5963 , 0.00066041 
10.00 , 0.9 , 0.6 , 4935 , 4.5963 , -0.00052910 
10.00 , 0.3 , 0.8 , 4935 , 4.5963 , -0.00000118 
10.00 , 0.5 , 0.8 , 4935 , 4.5963 , -0.00004990 
10.00 , 0.7 , 0.8 , 4935 , 4.5963 , -0.00064333 
10.00 , 0.9 , 0.8 , 4935 , 4.5963 , -0.00532675 
10.00 , 0.3 , 1.0 , 4935 , 4.5963 , -0.00005078 
10.00 , 0.5 , 1.0 , 4935 , 4.5963 , -0.00044641 
10.00 , 0.7 , 1.0 , 4935 , 4.5963 , -0.00233555 
10.00 , 0.9 , 1.0 , 4935 , 4.5963 , -0.01156835 
0.05 , 0.3 , 0.2 , 5778 , 4.4387 , 0.00002247 
0.05 , 0.5 , 0.2 , 5778 , 4.4387 , 0.00017347 
0.05 , 0.7 , 0.2 , 5778 , 4.4387 , 0.00068489 
0.05 , 0.9 , 0.2 , 5778 , 4.4387 , 0.00195591 
0.05 , 0.3 , 0.4 , 5778 , 4.4387 , 0.00002098 
0.05 , 0.5 , 0.4 , 5778 , 4.4387 , 0.00015922 
0.05 , 0.7 , 0.4 , 5778 , 4.4387 , 0.00061277 
0.05 , 0.9 , 0.4 , 5778 , 4.4387 , 0.00153660 
0.05 , 0.3 , 0.6 , 5778 , 4.4387 , 0.00001269 
0.05 , 0.5 , 0.6 , 5778 , 4.4387 , 0.00009182 
0.05 , 0.7 , 0.6 , 5778 , 4.4387 , 0.00032899 
0.05 , 0.9 , 0.6 , 5778 , 4.4387 , 0.00042988 
0.05 , 0.3 , 0.8 , 5778 , 4.4387 , -0.00000024 
0.05 , 0.5 , 0.8 , 5778 , 4.4387 , -0.00001074 
0.05 , 0.7 , 0.8 , 5778 , 4.4387 , -0.00009307 
0.05 , 0.9 , 0.8 , 5778 , 4.4387 , -0.00113262 
0.05 , 0.3 , 1.0 , 5778 , 4.4387 , -0.00001683 
0.05 , 0.5 , 1.0 , 5778 , 4.4387 , -0.00014007 
0.05 , 0.7 , 1.0 , 5778 , 4.4387 , -0.00062046 
0.05 , 0.9 , 1.0 , 5778 , 4.4387 , -0.00305721 
0.10 , 0.3 , 0.2 , 5778 , 4.4387 , 0.00003185 
0.10 , 0.5 , 0.2 , 5778 , 4.4387 , 0.00024549 
0.10 , 0.7 , 0.2 , 5778 , 4.4387 , 0.00096555 
0.10 , 0.9 , 0.2 , 5778 , 4.4387 , 0.00268840 
0.10 , 0.3 , 0.4 , 5778 , 4.4387 , 0.00002986 
0.10 , 0.5 , 0.4 , 5778 , 4.4387 , 0.00022597 
0.10 , 0.7 , 0.4 , 5778 , 4.4387 , 0.00087099 
0.10 , 0.9 , 0.4 , 5778 , 4.4387 , 0.00215166 
0.10 , 0.3 , 0.6 , 5778 , 4.4387 , 0.00001808 
0.10 , 0.5 , 0.6 , 5778 , 4.4387 , 0.00013088 
0.10 , 0.7 , 0.6 , 5778 , 4.4387 , 0.00047689 
0.10 , 0.9 , 0.6 , 5778 , 4.4387 , 0.00066597 
0.10 , 0.3 , 0.8 , 5778 , 4.4387 , -0.00000037 
0.10 , 0.5 , 0.8 , 5778 , 4.4387 , -0.00001443 
0.10 , 0.7 , 0.8 , 5778 , 4.4387 , -0.00011446 
0.10 , 0.9 , 0.8 , 5778 , 4.4387 , -0.00144804 
0.10 , 0.3 , 1.0 , 5778 , 4.4387 , -0.00002394 
0.10 , 0.5 , 1.0 , 5778 , 4.4387 , -0.00019835 
0.10 , 0.7 , 1.0 , 5778 , 4.4387 , -0.00085637 
0.10 , 0.9 , 1.0 , 5778 , 4.4387 , -0.00405284 
1.00 , 0.3 , 0.2 , 5778 , 4.4387 , 0.00005852 
1.00 , 0.5 , 0.2 , 5778 , 4.4387 , 0.00044476 
1.00 , 0.7 , 0.2 , 5778 , 4.4387 , 0.00170245 
1.00 , 0.9 , 0.2 , 5778 , 4.4387 , 0.00436194 
1.00 , 0.3 , 0.4 , 5778 , 4.4387 , 0.00005479 
1.00 , 0.5 , 0.4 , 5778 , 4.4387 , 0.00041134 
1.00 , 0.7 , 0.4 , 5778 , 4.4387 , 0.00154769 
1.00 , 0.9 , 0.4 , 5778 , 4.4387 , 0.00347981 
1.00 , 0.3 , 0.6 , 5778 , 4.4387 , 0.00003331 
1.00 , 0.5 , 0.6 , 5778 , 4.4387 , 0.00023812 
1.00 , 0.7 , 0.6 , 5778 , 4.4387 , 0.00083889 
1.00 , 0.9 , 0.6 , 5778 , 4.4387 , 0.00087945 
1.00 , 0.3 , 0.8 , 5778 , 4.4387 , -0.00000071 
1.00 , 0.5 , 0.8 , 5778 , 4.4387 , -0.00003078 
1.00 , 0.7 , 0.8 , 5778 , 4.4387 , -0.00025295 
1.00 , 0.9 , 0.8 , 5778 , 4.4387 , -0.00294035 
1.00 , 0.3 , 1.0 , 5778 , 4.4387 , -0.00004446 
1.00 , 0.5 , 1.0 , 5778 , 4.4387 , -0.00037511 
1.00 , 0.7 , 1.0 , 5778 , 4.4387 , -0.00164839 
1.00 , 0.9 , 1.0 , 5778 , 4.4387 , -0.00773782 
10.00 , 0.3 , 0.2 , 5778 , 4.4387 , 0.00005162 
10.00 , 0.5 , 0.2 , 5778 , 4.4387 , 0.00039002 
10.00 , 0.7 , 0.2 , 5778 , 4.4387 , 0.00143671 
10.00 , 0.9 , 0.2 , 5778 , 4.4387 , 0.00331629 
10.00 , 0.3 , 0.4 , 5778 , 4.4387 , 0.00004848 
10.00 , 0.5 , 0.4 , 5778 , 4.4387 , 0.00036219 
10.00 , 0.7 , 0.4 , 5778 , 4.4387 , 0.00129088 
10.00 , 0.9 , 0.4 , 5778 , 4.4387 , 0.00235924 
10.00 , 0.3 , 0.6 , 5778 , 4.4387 , 0.00002928 
10.00 , 0.5 , 0.6 , 5778 , 4.4387 , 0.00020975 
10.00 , 0.7 , 0.6 , 5778 , 4.4387 , 0.00064935 
10.00 , 0.9 , 0.6 , 5778 , 4.4387 , -0.00018036 
10.00 , 0.3 , 0.8 , 5778 , 4.4387 , -0.00000095 
10.00 , 0.5 , 0.8 , 5778 , 4.4387 , -0.00002987 
10.00 , 0.7 , 0.8 , 5778 , 4.4387 , -0.00035176 
10.00 , 0.9 , 0.8 , 5778 , 4.4387 , -0.00395624 
10.00 , 0.3 , 1.0 , 5778 , 4.4387 , -0.00003990 
10.00 , 0.5 , 1.0 , 5778 , 4.4387 , -0.00033983 
10.00 , 0.7 , 1.0 , 5778 , 4.4387 , -0.00165158 
10.00 , 0.9 , 1.0 , 5778 , 4.4387 , -0.00879861 
0.05 , 0.3 , 0.2 , 8550 , 4.1333 , 0.00001806 
0.05 , 0.5 , 0.2 , 8550 , 4.1333 , 0.00013617 
0.05 , 0.7 , 0.2 , 8550 , 4.1333 , 0.00050065 
0.05 , 0.9 , 0.2 , 8550 , 4.1333 , 0.00111502 
0.05 , 0.3 , 0.4 , 8550 , 4.1333 , 0.00001687 
0.05 , 0.5 , 0.4 , 8550 , 4.1333 , 0.00012328 
0.05 , 0.7 , 0.4 , 8550 , 4.1333 , 0.00042235 
0.05 , 0.9 , 0.4 , 8550 , 4.1333 , 0.00059570 
0.05 , 0.3 , 0.6 , 8550 , 4.1333 , 0.00001014 
0.05 , 0.5 , 0.6 , 8550 , 4.1333 , 0.00006765 
0.05 , 0.7 , 0.6 , 8550 , 4.1333 , 0.00017586 
0.05 , 0.9 , 0.6 , 8550 , 4.1333 , -0.00045630 
0.05 , 0.3 , 0.8 , 8550 , 4.1333 , -0.00000034 
0.05 , 0.5 , 0.8 , 8550 , 4.1333 , -0.00001642 
0.05 , 0.7 , 0.8 , 8550 , 4.1333 , -0.00018336 
0.05 , 0.9 , 0.8 , 8550 , 4.1333 , -0.00188592 
0.05 , 0.3 , 1.0 , 8550 , 4.1333 , -0.00001374 
0.05 , 0.5 , 1.0 , 8550 , 4.1333 , -0.00012230 
0.05 , 0.7 , 1.0 , 8550 , 4.1333 , -0.00063041 
0.05 , 0.9 , 1.0 , 8550 , 4.1333 , -0.00363283 
0.10 , 0.3 , 0.2 , 8550 , 4.1333 , 0.00002557 
0.10 , 0.5 , 0.2 , 8550 , 4.1333 , 0.00019294 
0.10 , 0.7 , 0.2 , 8550 , 4.1333 , 0.00070465 
0.10 , 0.9 , 0.2 , 8550 , 4.1333 , 0.00155565 
0.10 , 0.3 , 0.4 , 8550 , 4.1333 , 0.00002393 
0.10 , 0.5 , 0.4 , 8550 , 4.1333 , 0.00017525 
0.10 , 0.7 , 0.4 , 8550 , 4.1333 , 0.00059882 
0.10 , 0.9 , 0.4 , 8550 , 4.1333 , 0.00088438 
0.10 , 0.3 , 0.6 , 8550 , 4.1333 , 0.00001438 
0.10 , 0.5 , 0.6 , 8550 , 4.1333 , 0.00009693 
0.10 , 0.7 , 0.6 , 8550 , 4.1333 , 0.00025532 
0.10 , 0.9 , 0.6 , 8550 , 4.1333 , -0.00051794 
0.10 , 0.3 , 0.8 , 8550 , 4.1333 , -0.00000046 
0.10 , 0.5 , 0.8 , 8550 , 4.1333 , -0.00002204 
0.10 , 0.7 , 0.8 , 8550 , 4.1333 , -0.00024832 
0.10 , 0.9 , 0.8 , 8550 , 4.1333 , -0.00243335 
0.10 , 0.3 , 1.0 , 8550 , 4.1333 , -0.00001955 
0.10 , 0.5 , 1.0 , 8550 , 4.1333 , -0.00017250 
0.10 , 0.7 , 1.0 , 8550 , 4.1333 , -0.00087659 
0.10 , 0.9 , 1.0 , 8550 , 4.1333 , -0.00476969 
1.00 , 0.3 , 0.2 , 8550 , 4.1333 , 0.00004699 
1.00 , 0.5 , 0.2 , 8550 , 4.1333 , 0.00034567 
1.00 , 0.7 , 0.2 , 8550 , 4.1333 , 0.00120231 
1.00 , 0.9 , 0.2 , 8550 , 4.1333 , 0.00217119 
1.00 , 0.3 , 0.4 , 8550 , 4.1333 , 0.00004398 
1.00 , 0.5 , 0.4 , 8550 , 4.1333 , 0.00031397 
1.00 , 0.7 , 0.4 , 8550 , 4.1333 , 0.00100852 
1.00 , 0.9 , 0.4 , 8550 , 4.1333 , 0.00092649 
1.00 , 0.3 , 0.6 , 8550 , 4.1333 , 0.00002644 
1.00 , 0.5 , 0.6 , 8550 , 4.1333 , 0.00017014 
1.00 , 0.7 , 0.6 , 8550 , 4.1333 , 0.00038024 
1.00 , 0.9 , 0.6 , 8550 , 4.1333 , -0.00160181 
1.00 , 0.3 , 0.8 , 8550 , 4.1333 , -0.00000106 
1.00 , 0.5 , 0.8 , 8550 , 4.1333 , -0.00005057 
1.00 , 0.7 , 0.8 , 8550 , 4.1333 , -0.00055473 
1.00 , 0.9 , 0.8 , 8550 , 4.1333 , -0.00509449 
1.00 , 0.3 , 1.0 , 8550 , 4.1333 , -0.00003643 
1.00 , 0.5 , 1.0 , 8550 , 4.1333 , -0.00033256 
1.00 , 0.7 , 1.0 , 8550 , 4.1333 , -0.00173708 
1.00 , 0.9 , 1.0 , 8550 , 4.1333 , -0.00939335 
10.00 , 0.3 , 0.2 , 8550 , 4.1333 , 0.00004132 
10.00 , 0.5 , 0.2 , 8550 , 4.1333 , 0.00029699 
10.00 , 0.7 , 0.2 , 8550 , 4.1333 , 0.00095456 
10.00 , 0.9 , 0.2 , 8550 , 4.1333 , 0.00090354 
10.00 , 0.3 , 0.4 , 8550 , 4.1333 , 0.00003865 
10.00 , 0.5 , 0.4 , 8550 , 4.1333 , 0.00026724 
10.00 , 0.7 , 0.4 , 8550 , 4.1333 , 0.00075459 
10.00 , 0.9 , 0.4 , 8550 , 4.1333 , -0.00058736 
10.00 , 0.3 , 0.6 , 8550 , 4.1333 , 0.00002319 
10.00 , 0.5 , 0.6 , 8550 , 4.1333 , 0.00013844 
10.00 , 0.7 , 0.6 , 8550 , 4.1333 , 0.00017082 
10.00 , 0.9 , 0.6 , 8550 , 4.1333 , -0.00321531 
10.00 , 0.3 , 0.8 , 8550 , 4.1333 , -0.00000127 
10.00 , 0.5 , 0.8 , 8550 , 4.1333 , -0.00006036 
10.00 , 0.7 , 0.8 , 8550 , 4.1333 , -0.00069908 
10.00 , 0.9 , 0.8 , 8550 , 4.1333 , -0.00680957 
10.00 , 0.3 , 1.0 , 8550 , 4.1333 , -0.00003285 
10.00 , 0.5 , 1.0 , 8550 , 4.1333 , -0.00031596 
10.00 , 0.7 , 1.0 , 8550 , 4.1333 , -0.00181162 
10.00 , 0.9 , 1.0 , 8550 , 4.1333 , -0.01128515 
0.05 , 0.3 , 0.2 , 16700 , 4.0722 , 0.00001000 
0.05 , 0.5 , 0.2 , 16700 , 4.0722 , 0.00007629 
0.05 , 0.7 , 0.2 , 16700 , 4.0722 , 0.00027742 
0.05 , 0.9 , 0.2 , 16700 , 4.0722 , 0.00066000 
0.05 , 0.3 , 0.4 , 16700 , 4.0722 , 0.00000928 
0.05 , 0.5 , 0.4 , 16700 , 4.0722 , 0.00006845 
0.05 , 0.7 , 0.4 , 16700 , 4.0722 , 0.00023054 
0.05 , 0.9 , 0.4 , 16700 , 4.0722 , 0.00036457 
0.05 , 0.3 , 0.6 , 16700 , 4.0722 , 0.00000560 
0.05 , 0.5 , 0.6 , 16700 , 4.0722 , 0.00003762 
0.05 , 0.7 , 0.6 , 16700 , 4.0722 , 0.00009129 
0.05 , 0.9 , 0.6 , 16700 , 4.0722 , -0.00022255 
0.05 , 0.3 , 0.8 , 16700 , 4.0722 , -0.00000018 
0.05 , 0.5 , 0.8 , 16700 , 4.0722 , -0.00000873 
0.05 , 0.7 , 0.8 , 16700 , 4.0722 , -0.00010822 
0.05 , 0.9 , 0.8 , 16700 , 4.0722 , -0.00100313 
0.05 , 0.3 , 1.0 , 16700 , 4.0722 , -0.00000764 
0.05 , 0.5 , 1.0 , 16700 , 4.0722 , -0.00006686 
0.05 , 0.7 , 1.0 , 16700 , 4.0722 , -0.00035343 
0.05 , 0.9 , 1.0 , 16700 , 4.0722 , -0.00193563 
0.10 , 0.3 , 0.2 , 16700 , 4.0722 , 0.00001413 
0.10 , 0.5 , 0.2 , 16700 , 4.0722 , 0.00010669 
0.10 , 0.7 , 0.2 , 16700 , 4.0722 , 0.00038907 
0.10 , 0.9 , 0.2 , 16700 , 4.0722 , 0.00091246 
0.10 , 0.3 , 0.4 , 16700 , 4.0722 , 0.00001320 
0.10 , 0.5 , 0.4 , 16700 , 4.0722 , 0.00009615 
0.10 , 0.7 , 0.4 , 16700 , 4.0722 , 0.00032558 
0.10 , 0.9 , 0.4 , 16700 , 4.0722 , 0.00053077 
0.10 , 0.3 , 0.6 , 16700 , 4.0722 , 0.00000794 
0.10 , 0.5 , 0.6 , 16700 , 4.0722 , 0.00004993 
0.10 , 0.7 , 0.6 , 16700 , 4.0722 , 0.00013148 
0.10 , 0.9 , 0.6 , 16700 , 4.0722 , -0.00025309 
0.10 , 0.3 , 0.8 , 16700 , 4.0722 , -0.00000040 
0.10 , 0.5 , 0.8 , 16700 , 4.0722 , -0.00001313 
0.10 , 0.7 , 0.8 , 16700 , 4.0722 , -0.00014854 
0.10 , 0.9 , 0.8 , 16700 , 4.0722 , -0.00130359 
0.10 , 0.3 , 1.0 , 16700 , 4.0722 , -0.00001087 
0.10 , 0.5 , 1.0 , 16700 , 4.0722 , -0.00009539 
0.10 , 0.7 , 1.0 , 16700 , 4.0722 , -0.00049394 
0.10 , 0.9 , 1.0 , 16700 , 4.0722 , -0.00256045 
1.00 , 0.3 , 0.2 , 16700 , 4.0722 , 0.00002600 
1.00 , 0.5 , 0.2 , 16700 , 4.0722 , 0.00019243 
1.00 , 0.7 , 0.2 , 16700 , 4.0722 , 0.00065881 
1.00 , 0.9 , 0.2 , 16700 , 4.0722 , 0.00129648 
1.00 , 0.3 , 0.4 , 16700 , 4.0722 , 0.00002430 
1.00 , 0.5 , 0.4 , 16700 , 4.0722 , 0.00017469 
1.00 , 0.7 , 0.4 , 16700 , 4.0722 , 0.00054171 
1.00 , 0.9 , 0.4 , 16700 , 4.0722 , 0.00059855 
1.00 , 0.3 , 0.6 , 16700 , 4.0722 , 0.00001456 
1.00 , 0.5 , 0.6 , 16700 , 4.0722 , 0.00009509 
1.00 , 0.7 , 0.6 , 16700 , 4.0722 , 0.00018558 
1.00 , 0.9 , 0.6 , 16700 , 4.0722 , -0.00081402 
1.00 , 0.3 , 0.8 , 16700 , 4.0722 , -0.00000066 
1.00 , 0.5 , 0.8 , 16700 , 4.0722 , -0.00002693 
1.00 , 0.7 , 0.8 , 16700 , 4.0722 , -0.00033665 
1.00 , 0.9 , 0.8 , 16700 , 4.0722 , -0.00274052 
1.00 , 0.3 , 1.0 , 16700 , 4.0722 , -0.00002027 
1.00 , 0.5 , 1.0 , 16700 , 4.0722 , -0.00018223 
1.00 , 0.7 , 1.0 , 16700 , 4.0722 , -0.00099045 
1.00 , 0.9 , 1.0 , 16700 , 4.0722 , -0.00507801 
10.00 , 0.3 , 0.2 , 16700 , 4.0722 , 0.00002284 
10.00 , 0.5 , 0.2 , 16700 , 4.0722 , 0.00016500 
10.00 , 0.7 , 0.2 , 16700 , 4.0722 , 0.00052499 
10.00 , 0.9 , 0.2 , 16700 , 4.0722 , 0.00062094 
10.00 , 0.3 , 0.4 , 16700 , 4.0722 , 0.00002135 
10.00 , 0.5 , 0.4 , 16700 , 4.0722 , 0.00014822 
10.00 , 0.7 , 0.4 , 16700 , 4.0722 , 0.00040603 
10.00 , 0.9 , 0.4 , 16700 , 4.0722 , -0.00020839 
10.00 , 0.3 , 0.6 , 16700 , 4.0722 , 0.00001272 
10.00 , 0.5 , 0.6 , 16700 , 4.0722 , 0.00007672 
10.00 , 0.7 , 0.6 , 16700 , 4.0722 , 0.00007530 
10.00 , 0.9 , 0.6 , 16700 , 4.0722 , -0.00167683 
10.00 , 0.3 , 0.8 , 16700 , 4.0722 , -0.00000090 
10.00 , 0.5 , 0.8 , 16700 , 4.0722 , -0.00003327 
10.00 , 0.7 , 0.8 , 16700 , 4.0722 , -0.00041042 
10.00 , 0.9 , 0.8 , 16700 , 4.0722 , -0.00366004 
10.00 , 0.3 , 1.0 , 16700 , 4.0722 , -0.00001831 
10.00 , 0.5 , 1.0 , 16700 , 4.0722 , -0.00017428 
10.00 , 0.7 , 1.0 , 16700 , 4.0722 , -0.00102523 
10.00 , 0.9 , 1.0 , 16700 , 4.0722 , -0.00608923 
