q , F , sin2i , Teff , logg , a1c 
0.05 , 0.3 , 0.2 , 4935 , 4.5963 , 0.00003505 
0.05 , 0.5 , 0.2 , 4935 , 4.5963 , 0.00026907 
0.05 , 0.7 , 0.2 , 4935 , 4.5963 , 0.00102344 
0.05 , 0.9 , 0.2 , 4935 , 4.5963 , 0.00280638 
0.05 , 0.3 , 0.4 , 4935 , 4.5963 , 0.00003277 
0.05 , 0.5 , 0.4 , 4935 , 4.5963 , 0.00024740 
0.05 , 0.7 , 0.4 , 4935 , 4.5963 , 0.00090461 
0.05 , 0.9 , 0.4 , 4935 , 4.5963 , 0.00217264 
0.05 , 0.3 , 0.6 , 4935 , 4.5963 , 0.00001983 
0.05 , 0.5 , 0.6 , 4935 , 4.5963 , 0.00014276 
0.05 , 0.7 , 0.6 , 4935 , 4.5963 , 0.00045441 
0.05 , 0.9 , 0.6 , 4935 , 4.5963 , 0.00045050 
0.05 , 0.3 , 0.8 , 4935 , 4.5963 , -0.00000045 
0.05 , 0.5 , 0.8 , 4935 , 4.5963 , -0.00001776 
0.05 , 0.7 , 0.8 , 4935 , 4.5963 , -0.00022105 
0.05 , 0.9 , 0.8 , 4935 , 4.5963 , -0.00206872 
0.05 , 0.3 , 1.0 , 4935 , 4.5963 , -0.00002641 
0.05 , 0.5 , 1.0 , 4935 , 4.5963 , -0.00022155 
0.05 , 0.7 , 1.0 , 4935 , 4.5963 , -0.00107563 
0.05 , 0.9 , 1.0 , 4935 , 4.5963 , -0.00529177 
0.10 , 0.3 , 0.2 , 4935 , 4.5963 , 0.00004972 
0.10 , 0.5 , 0.2 , 4935 , 4.5963 , 0.00038103 
0.10 , 0.7 , 0.2 , 4935 , 4.5963 , 0.00143878 
0.10 , 0.9 , 0.2 , 4935 , 4.5963 , 0.00386096 
0.10 , 0.3 , 0.4 , 4935 , 4.5963 , 0.00004659 
0.10 , 0.5 , 0.4 , 4935 , 4.5963 , 0.00035130 
0.10 , 0.7 , 0.4 , 4935 , 4.5963 , 0.00127744 
0.10 , 0.9 , 0.4 , 4935 , 4.5963 , 0.00303106 
0.10 , 0.3 , 0.6 , 4935 , 4.5963 , 0.00002815 
0.10 , 0.5 , 0.6 , 4935 , 4.5963 , 0.00020343 
0.10 , 0.7 , 0.6 , 4935 , 4.5963 , 0.00064833 
0.10 , 0.9 , 0.6 , 4935 , 4.5963 , 0.00070889 
0.10 , 0.3 , 0.8 , 4935 , 4.5963 , -0.00000060 
0.10 , 0.5 , 0.8 , 4935 , 4.5963 , -0.00002404 
0.10 , 0.7 , 0.8 , 4935 , 4.5963 , -0.00029915 
0.10 , 0.9 , 0.8 , 4935 , 4.5963 , -0.00268846 
0.10 , 0.3 , 1.0 , 4935 , 4.5963 , -0.00003753 
0.10 , 0.5 , 1.0 , 4935 , 4.5963 , -0.00031336 
0.10 , 0.7 , 1.0 , 4935 , 4.5963 , -0.00149856 
0.10 , 0.9 , 1.0 , 4935 , 4.5963 , -0.00700778 
1.00 , 0.3 , 0.2 , 4935 , 4.5963 , 0.00009120 
1.00 , 0.5 , 0.2 , 4935 , 4.5963 , 0.00068958 
1.00 , 0.7 , 0.2 , 4935 , 4.5963 , 0.00251635 
1.00 , 0.9 , 0.2 , 4935 , 4.5963 , 0.00614645 
1.00 , 0.3 , 0.4 , 4935 , 4.5963 , 0.00008555 
1.00 , 0.5 , 0.4 , 4935 , 4.5963 , 0.00063822 
1.00 , 0.7 , 0.4 , 4935 , 4.5963 , 0.00223391 
1.00 , 0.9 , 0.4 , 4935 , 4.5963 , 0.00474288 
1.00 , 0.3 , 0.6 , 4935 , 4.5963 , 0.00005174 
1.00 , 0.5 , 0.6 , 4935 , 4.5963 , 0.00036853 
1.00 , 0.7 , 0.6 , 4935 , 4.5963 , 0.00109532 
1.00 , 0.9 , 0.6 , 4935 , 4.5963 , 0.00069863 
1.00 , 0.3 , 0.8 , 4935 , 4.5963 , -0.00000139 
1.00 , 0.5 , 0.8 , 4935 , 4.5963 , -0.00005212 
1.00 , 0.7 , 0.8 , 4935 , 4.5963 , -0.00065239 
1.00 , 0.9 , 0.8 , 4935 , 4.5963 , -0.00534316 
1.00 , 0.3 , 1.0 , 4935 , 4.5963 , -0.00006970 
1.00 , 0.5 , 1.0 , 4935 , 4.5963 , -0.00059240 
1.00 , 0.7 , 1.0 , 4935 , 4.5963 , -0.00289619 
1.00 , 0.9 , 1.0 , 4935 , 4.5963 , -0.01310297 
10.00 , 0.3 , 0.2 , 4935 , 4.5963 , 0.00008049 
10.00 , 0.5 , 0.2 , 4935 , 4.5963 , 0.00059886 
10.00 , 0.7 , 0.2 , 4935 , 4.5963 , 0.00208754 
10.00 , 0.9 , 0.2 , 4935 , 4.5963 , 0.00462970 
10.00 , 0.3 , 0.4 , 4935 , 4.5963 , 0.00007562 
10.00 , 0.5 , 0.4 , 4935 , 4.5963 , 0.00055331 
10.00 , 0.7 , 0.4 , 4935 , 4.5963 , 0.00182038 
10.00 , 0.9 , 0.4 , 4935 , 4.5963 , 0.00323314 
10.00 , 0.3 , 0.6 , 4935 , 4.5963 , 0.00004571 
10.00 , 0.5 , 0.6 , 4935 , 4.5963 , 0.00031367 
10.00 , 0.7 , 0.6 , 4935 , 4.5963 , 0.00078842 
10.00 , 0.9 , 0.6 , 4935 , 4.5963 , -0.00055886 
10.00 , 0.3 , 0.8 , 4935 , 4.5963 , -0.00000151 
10.00 , 0.5 , 0.8 , 4935 , 4.5963 , -0.00006316 
10.00 , 0.7 , 0.8 , 4935 , 4.5963 , -0.00081521 
10.00 , 0.9 , 0.8 , 4935 , 4.5963 , -0.00636208 
10.00 , 0.3 , 1.0 , 4935 , 4.5963 , -0.00006252 
10.00 , 0.5 , 1.0 , 4935 , 4.5963 , -0.00055172 
10.00 , 0.7 , 1.0 , 4935 , 4.5963 , -0.00290798 
10.00 , 0.9 , 1.0 , 4935 , 4.5963 , -0.01403873 
0.05 , 0.3 , 0.2 , 5778 , 4.4387 , 0.00002729 
0.05 , 0.5 , 0.2 , 5778 , 4.4387 , 0.00021032 
0.05 , 0.7 , 0.2 , 5778 , 4.4387 , 0.00083508 
0.05 , 0.9 , 0.2 , 5778 , 4.4387 , 0.00235470 
0.05 , 0.3 , 0.4 , 5778 , 4.4387 , 0.00002550 
0.05 , 0.5 , 0.4 , 5778 , 4.4387 , 0.00019319 
0.05 , 0.7 , 0.4 , 5778 , 4.4387 , 0.00075502 
0.05 , 0.9 , 0.4 , 5778 , 4.4387 , 0.00187942 
0.05 , 0.3 , 0.6 , 5778 , 4.4387 , 0.00001542 
0.05 , 0.5 , 0.6 , 5778 , 4.4387 , 0.00011141 
0.05 , 0.7 , 0.6 , 5778 , 4.4387 , 0.00041715 
0.05 , 0.9 , 0.6 , 5778 , 4.4387 , 0.00056836 
0.05 , 0.3 , 0.8 , 5778 , 4.4387 , -0.00000031 
0.05 , 0.5 , 0.8 , 5778 , 4.4387 , -0.00001335 
0.05 , 0.7 , 0.8 , 5778 , 4.4387 , -0.00009119 
0.05 , 0.9 , 0.8 , 5778 , 4.4387 , -0.00131248 
0.05 , 0.3 , 1.0 , 5778 , 4.4387 , -0.00002048 
0.05 , 0.5 , 1.0 , 5778 , 4.4387 , -0.00017099 
0.05 , 0.7 , 1.0 , 5778 , 4.4387 , -0.00073120 
0.05 , 0.9 , 1.0 , 5778 , 4.4387 , -0.00366011 
0.10 , 0.3 , 0.2 , 5778 , 4.4387 , 0.00003870 
0.10 , 0.5 , 0.2 , 5778 , 4.4387 , 0.00029771 
0.10 , 0.7 , 0.2 , 5778 , 4.4387 , 0.00117980 
0.10 , 0.9 , 0.2 , 5778 , 4.4387 , 0.00324574 
0.10 , 0.3 , 0.4 , 5778 , 4.4387 , 0.00003628 
0.10 , 0.5 , 0.4 , 5778 , 4.4387 , 0.00027419 
0.10 , 0.7 , 0.4 , 5778 , 4.4387 , 0.00107633 
0.10 , 0.9 , 0.4 , 5778 , 4.4387 , 0.00263748 
0.10 , 0.3 , 0.6 , 5778 , 4.4387 , 0.00002196 
0.10 , 0.5 , 0.6 , 5778 , 4.4387 , 0.00015879 
0.10 , 0.7 , 0.6 , 5778 , 4.4387 , 0.00060817 
0.10 , 0.9 , 0.6 , 5778 , 4.4387 , 0.00087633 
0.10 , 0.3 , 0.8 , 5778 , 4.4387 , -0.00000047 
0.10 , 0.5 , 0.8 , 5778 , 4.4387 , -0.00001794 
0.10 , 0.7 , 0.8 , 5778 , 4.4387 , -0.00010262 
0.10 , 0.9 , 0.8 , 5778 , 4.4387 , -0.00166647 
0.10 , 0.3 , 1.0 , 5778 , 4.4387 , -0.00002912 
0.10 , 0.5 , 1.0 , 5778 , 4.4387 , -0.00024204 
0.10 , 0.7 , 1.0 , 5778 , 4.4387 , -0.00100079 
0.10 , 0.9 , 1.0 , 5778 , 4.4387 , -0.00483631 
1.00 , 0.3 , 0.2 , 5778 , 4.4387 , 0.00007108 
1.00 , 0.5 , 0.2 , 5778 , 4.4387 , 0.00053918 
1.00 , 0.7 , 0.2 , 5778 , 4.4387 , 0.00208453 
1.00 , 0.9 , 0.2 , 5778 , 4.4387 , 0.00528278 
1.00 , 0.3 , 0.4 , 5778 , 4.4387 , 0.00006657 
1.00 , 0.5 , 0.4 , 5778 , 4.4387 , 0.00049877 
1.00 , 0.7 , 0.4 , 5778 , 4.4387 , 0.00191692 
1.00 , 0.9 , 0.4 , 5778 , 4.4387 , 0.00428637 
1.00 , 0.3 , 0.6 , 5778 , 4.4387 , 0.00004045 
1.00 , 0.5 , 0.6 , 5778 , 4.4387 , 0.00028846 
1.00 , 0.7 , 0.6 , 5778 , 4.4387 , 0.00107587 
1.00 , 0.9 , 0.6 , 5778 , 4.4387 , 0.00121152 
1.00 , 0.3 , 0.8 , 5778 , 4.4387 , -0.00000090 
1.00 , 0.5 , 0.8 , 5778 , 4.4387 , -0.00003848 
1.00 , 0.7 , 0.8 , 5778 , 4.4387 , -0.00023417 
1.00 , 0.9 , 0.8 , 5778 , 4.4387 , -0.00336400 
1.00 , 0.3 , 1.0 , 5778 , 4.4387 , -0.00005409 
1.00 , 0.5 , 1.0 , 5778 , 4.4387 , -0.00045767 
1.00 , 0.7 , 1.0 , 5778 , 4.4387 , -0.00191902 
1.00 , 0.9 , 1.0 , 5778 , 4.4387 , -0.00916661 
10.00 , 0.3 , 0.2 , 5778 , 4.4387 , 0.00006269 
10.00 , 0.5 , 0.2 , 5778 , 4.4387 , 0.00047397 
10.00 , 0.7 , 0.2 , 5778 , 4.4387 , 0.00175773 
10.00 , 0.9 , 0.2 , 5778 , 4.4387 , 0.00399642 
10.00 , 0.3 , 0.4 , 5778 , 4.4387 , 0.00005888 
10.00 , 0.5 , 0.4 , 5778 , 4.4387 , 0.00044138 
10.00 , 0.7 , 0.4 , 5778 , 4.4387 , 0.00159889 
10.00 , 0.9 , 0.4 , 5778 , 4.4387 , 0.00291123 
10.00 , 0.3 , 0.6 , 5778 , 4.4387 , 0.00003556 
10.00 , 0.5 , 0.6 , 5778 , 4.4387 , 0.00025736 
10.00 , 0.7 , 0.6 , 5778 , 4.4387 , 0.00083822 
10.00 , 0.9 , 0.6 , 5778 , 4.4387 , -0.00007860 
10.00 , 0.3 , 0.8 , 5778 , 4.4387 , -0.00000118 
10.00 , 0.5 , 0.8 , 5778 , 4.4387 , -0.00003293 
10.00 , 0.7 , 0.8 , 5778 , 4.4387 , -0.00036242 
10.00 , 0.9 , 0.8 , 5778 , 4.4387 , -0.00458486 
10.00 , 0.3 , 1.0 , 5778 , 4.4387 , -0.00004855 
10.00 , 0.5 , 1.0 , 5778 , 4.4387 , -0.00040924 
10.00 , 0.7 , 1.0 , 5778 , 4.4387 , -0.00193183 
10.00 , 0.9 , 1.0 , 5778 , 4.4387 , -0.01042807 
0.05 , 0.3 , 0.2 , 8550 , 4.1333 , 0.00002373 
0.05 , 0.5 , 0.2 , 8550 , 4.1333 , 0.00017658 
0.05 , 0.7 , 0.2 , 8550 , 4.1333 , 0.00064649 
0.05 , 0.9 , 0.2 , 8550 , 4.1333 , 0.00141566 
0.05 , 0.3 , 0.4 , 8550 , 4.1333 , 0.00002217 
0.05 , 0.5 , 0.4 , 8550 , 4.1333 , 0.00015877 
0.05 , 0.7 , 0.4 , 8550 , 4.1333 , 0.00054340 
0.05 , 0.9 , 0.4 , 8550 , 4.1333 , 0.00075565 
0.05 , 0.3 , 0.6 , 8550 , 4.1333 , 0.00001335 
0.05 , 0.5 , 0.6 , 8550 , 4.1333 , 0.00008481 
0.05 , 0.7 , 0.6 , 8550 , 4.1333 , 0.00021855 
0.05 , 0.9 , 0.6 , 8550 , 4.1333 , -0.00061024 
0.05 , 0.3 , 0.8 , 8550 , 4.1333 , -0.00000040 
0.05 , 0.5 , 0.8 , 8550 , 4.1333 , -0.00002679 
0.05 , 0.7 , 0.8 , 8550 , 4.1333 , -0.00025782 
0.05 , 0.9 , 0.8 , 8550 , 4.1333 , -0.00249832 
0.05 , 0.3 , 1.0 , 8550 , 4.1333 , -0.00001801 
0.05 , 0.5 , 1.0 , 8550 , 4.1333 , -0.00016754 
0.05 , 0.7 , 1.0 , 8550 , 4.1333 , -0.00085453 
0.05 , 0.9 , 1.0 , 8550 , 4.1333 , -0.00484452 
0.10 , 0.3 , 0.2 , 8550 , 4.1333 , 0.00003363 
0.10 , 0.5 , 0.2 , 8550 , 4.1333 , 0.00025069 
0.10 , 0.7 , 0.2 , 8550 , 4.1333 , 0.00091023 
0.10 , 0.9 , 0.2 , 8550 , 4.1333 , 0.00197557 
0.10 , 0.3 , 0.4 , 8550 , 4.1333 , 0.00003147 
0.10 , 0.5 , 0.4 , 8550 , 4.1333 , 0.00022641 
0.10 , 0.7 , 0.4 , 8550 , 4.1333 , 0.00077004 
0.10 , 0.9 , 0.4 , 8550 , 4.1333 , 0.00111597 
0.10 , 0.3 , 0.6 , 8550 , 4.1333 , 0.00001896 
0.10 , 0.5 , 0.6 , 8550 , 4.1333 , 0.00012248 
0.10 , 0.7 , 0.6 , 8550 , 4.1333 , 0.00031675 
0.10 , 0.9 , 0.6 , 8550 , 4.1333 , -0.00070954 
0.10 , 0.3 , 0.8 , 8550 , 4.1333 , -0.00000054 
0.10 , 0.5 , 0.8 , 8550 , 4.1333 , -0.00003521 
0.10 , 0.7 , 0.8 , 8550 , 4.1333 , -0.00035111 
0.10 , 0.9 , 0.8 , 8550 , 4.1333 , -0.00323858 
0.10 , 0.3 , 1.0 , 8550 , 4.1333 , -0.00002562 
0.10 , 0.5 , 1.0 , 8550 , 4.1333 , -0.00023483 
0.10 , 0.7 , 1.0 , 8550 , 4.1333 , -0.00118894 
0.10 , 0.9 , 1.0 , 8550 , 4.1333 , -0.00636710 
1.00 , 0.3 , 0.2 , 8550 , 4.1333 , 0.00006176 
1.00 , 0.5 , 0.2 , 8550 , 4.1333 , 0.00044649 
1.00 , 0.7 , 0.2 , 8550 , 4.1333 , 0.00154643 
1.00 , 0.9 , 0.2 , 8550 , 4.1333 , 0.00281788 
1.00 , 0.3 , 0.4 , 8550 , 4.1333 , 0.00005787 
1.00 , 0.5 , 0.4 , 8550 , 4.1333 , 0.00040145 
1.00 , 0.7 , 0.4 , 8550 , 4.1333 , 0.00128516 
1.00 , 0.9 , 0.4 , 8550 , 4.1333 , 0.00125913 
1.00 , 0.3 , 0.6 , 8550 , 4.1333 , 0.00003487 
1.00 , 0.5 , 0.6 , 8550 , 4.1333 , 0.00020944 
1.00 , 0.7 , 0.6 , 8550 , 4.1333 , 0.00045322 
1.00 , 0.9 , 0.6 , 8550 , 4.1333 , -0.00198616 
1.00 , 0.3 , 0.8 , 8550 , 4.1333 , -0.00000123 
1.00 , 0.5 , 0.8 , 8550 , 4.1333 , -0.00008396 
1.00 , 0.7 , 0.8 , 8550 , 4.1333 , -0.00078688 
1.00 , 0.9 , 0.8 , 8550 , 4.1333 , -0.00653440 
1.00 , 0.3 , 1.0 , 8550 , 4.1333 , -0.00004770 
1.00 , 0.5 , 1.0 , 8550 , 4.1333 , -0.00045849 
1.00 , 0.7 , 1.0 , 8550 , 4.1333 , -0.00236078 
1.00 , 0.9 , 1.0 , 8550 , 4.1333 , -0.01220278 
10.00 , 0.3 , 0.2 , 8550 , 4.1333 , 0.00005436 
10.00 , 0.5 , 0.2 , 8550 , 4.1333 , 0.00038202 
10.00 , 0.7 , 0.2 , 8550 , 4.1333 , 0.00122473 
10.00 , 0.9 , 0.2 , 8550 , 4.1333 , 0.00136686 
10.00 , 0.3 , 0.4 , 8550 , 4.1333 , 0.00005090 
10.00 , 0.5 , 0.4 , 8550 , 4.1333 , 0.00033965 
10.00 , 0.7 , 0.4 , 8550 , 4.1333 , 0.00095737 
10.00 , 0.9 , 0.4 , 8550 , 4.1333 , -0.00038741 
10.00 , 0.3 , 0.6 , 8550 , 4.1333 , 0.00003063 
10.00 , 0.5 , 0.6 , 8550 , 4.1333 , 0.00016745 
10.00 , 0.7 , 0.6 , 8550 , 4.1333 , 0.00018605 
10.00 , 0.9 , 0.6 , 8550 , 4.1333 , -0.00363361 
10.00 , 0.3 , 0.8 , 8550 , 4.1333 , -0.00000148 
10.00 , 0.5 , 0.8 , 8550 , 4.1333 , -0.00009702 
10.00 , 0.7 , 0.8 , 8550 , 4.1333 , -0.00096653 
10.00 , 0.9 , 0.8 , 8550 , 4.1333 , -0.00818351 
10.00 , 0.3 , 1.0 , 8550 , 4.1333 , -0.00004294 
10.00 , 0.5 , 1.0 , 8550 , 4.1333 , -0.00043679 
10.00 , 0.7 , 1.0 , 8550 , 4.1333 , -0.00244731 
10.00 , 0.9 , 1.0 , 8550 , 4.1333 , -0.01395800 
0.05 , 0.3 , 0.2 , 16700 , 4.0722 , 0.00001217 
0.05 , 0.5 , 0.2 , 16700 , 4.0722 , 0.00009302 
0.05 , 0.7 , 0.2 , 16700 , 4.0722 , 0.00034304 
0.05 , 0.9 , 0.2 , 16700 , 4.0722 , 0.00086425 
0.05 , 0.3 , 0.4 , 16700 , 4.0722 , 0.00001131 
0.05 , 0.5 , 0.4 , 16700 , 4.0722 , 0.00008387 
0.05 , 0.7 , 0.4 , 16700 , 4.0722 , 0.00028932 
0.05 , 0.9 , 0.4 , 16700 , 4.0722 , 0.00054097 
0.05 , 0.3 , 0.6 , 16700 , 4.0722 , 0.00000683 
0.05 , 0.5 , 0.6 , 16700 , 4.0722 , 0.00004660 
0.05 , 0.7 , 0.6 , 16700 , 4.0722 , 0.00012261 
0.05 , 0.9 , 0.6 , 16700 , 4.0722 , -0.00014234 
0.05 , 0.3 , 0.8 , 16700 , 4.0722 , -0.00000020 
0.05 , 0.5 , 0.8 , 16700 , 4.0722 , -0.00000961 
0.05 , 0.7 , 0.8 , 16700 , 4.0722 , -0.00011810 
0.05 , 0.9 , 0.8 , 16700 , 4.0722 , -0.00106619 
0.05 , 0.3 , 1.0 , 16700 , 4.0722 , -0.00000926 
0.05 , 0.5 , 1.0 , 16700 , 4.0722 , -0.00008023 
0.05 , 0.7 , 1.0 , 16700 , 4.0722 , -0.00041523 
0.05 , 0.9 , 1.0 , 16700 , 4.0722 , -0.00218081 
0.10 , 0.3 , 0.2 , 16700 , 4.0722 , 0.00001720 
0.10 , 0.5 , 0.2 , 16700 , 4.0722 , 0.00013038 
0.10 , 0.7 , 0.2 , 16700 , 4.0722 , 0.00048098 
0.10 , 0.9 , 0.2 , 16700 , 4.0722 , 0.00119062 
0.10 , 0.3 , 0.4 , 16700 , 4.0722 , 0.00001607 
0.10 , 0.5 , 0.4 , 16700 , 4.0722 , 0.00011803 
0.10 , 0.7 , 0.4 , 16700 , 4.0722 , 0.00040820 
0.10 , 0.9 , 0.4 , 16700 , 4.0722 , 0.00077229 
0.10 , 0.3 , 0.6 , 16700 , 4.0722 , 0.00000968 
0.10 , 0.5 , 0.6 , 16700 , 4.0722 , 0.00006264 
0.10 , 0.7 , 0.6 , 16700 , 4.0722 , 0.00017574 
0.10 , 0.9 , 0.6 , 16700 , 4.0722 , -0.00014209 
0.10 , 0.3 , 0.8 , 16700 , 4.0722 , -0.00000044 
0.10 , 0.5 , 0.8 , 16700 , 4.0722 , -0.00001433 
0.10 , 0.7 , 0.8 , 16700 , 4.0722 , -0.00016212 
0.10 , 0.9 , 0.8 , 16700 , 4.0722 , -0.00138743 
0.10 , 0.3 , 1.0 , 16700 , 4.0722 , -0.00001317 
0.10 , 0.5 , 1.0 , 16700 , 4.0722 , -0.00011432 
0.10 , 0.7 , 1.0 , 16700 , 4.0722 , -0.00058051 
0.10 , 0.9 , 1.0 , 16700 , 4.0722 , -0.00289112 
1.00 , 0.3 , 0.2 , 16700 , 4.0722 , 0.00003163 
1.00 , 0.5 , 0.2 , 16700 , 4.0722 , 0.00023538 
1.00 , 0.7 , 0.2 , 16700 , 4.0722 , 0.00081958 
1.00 , 0.9 , 0.2 , 16700 , 4.0722 , 0.00175494 
1.00 , 0.3 , 0.4 , 16700 , 4.0722 , 0.00002959 
1.00 , 0.5 , 0.4 , 16700 , 4.0722 , 0.00021458 
1.00 , 0.7 , 0.4 , 16700 , 4.0722 , 0.00068674 
1.00 , 0.9 , 0.4 , 16700 , 4.0722 , 0.00099946 
1.00 , 0.3 , 0.6 , 16700 , 4.0722 , 0.00001777 
1.00 , 0.5 , 0.6 , 16700 , 4.0722 , 0.00011843 
1.00 , 0.7 , 0.6 , 16700 , 4.0722 , 0.00026148 
1.00 , 0.9 , 0.6 , 16700 , 4.0722 , -0.00063920 
1.00 , 0.3 , 0.8 , 16700 , 4.0722 , -0.00000072 
1.00 , 0.5 , 0.8 , 16700 , 4.0722 , -0.00002940 
1.00 , 0.7 , 0.8 , 16700 , 4.0722 , -0.00036721 
1.00 , 0.9 , 0.8 , 16700 , 4.0722 , -0.00291416 
1.00 , 0.3 , 1.0 , 16700 , 4.0722 , -0.00002454 
1.00 , 0.5 , 1.0 , 16700 , 4.0722 , -0.00021784 
1.00 , 0.7 , 1.0 , 16700 , 4.0722 , -0.00115748 
1.00 , 0.9 , 1.0 , 16700 , 4.0722 , -0.00570085 
10.00 , 0.3 , 0.2 , 16700 , 4.0722 , 0.00002781 
10.00 , 0.5 , 0.2 , 16700 , 4.0722 , 0.00020246 
10.00 , 0.7 , 0.2 , 16700 , 4.0722 , 0.00066219 
10.00 , 0.9 , 0.2 , 16700 , 4.0722 , 0.00100086 
10.00 , 0.3 , 0.4 , 16700 , 4.0722 , 0.00002603 
10.00 , 0.5 , 0.4 , 16700 , 4.0722 , 0.00018303 
10.00 , 0.7 , 0.4 , 16700 , 4.0722 , 0.00052949 
10.00 , 0.9 , 0.4 , 16700 , 4.0722 , 0.00011860 
10.00 , 0.3 , 0.6 , 16700 , 4.0722 , 0.00001554 
10.00 , 0.5 , 0.6 , 16700 , 4.0722 , 0.00009686 
10.00 , 0.7 , 0.6 , 16700 , 4.0722 , 0.00013718 
10.00 , 0.9 , 0.6 , 16700 , 4.0722 , -0.00155825 
10.00 , 0.3 , 0.8 , 16700 , 4.0722 , -0.00000097 
10.00 , 0.5 , 0.8 , 16700 , 4.0722 , -0.00003622 
10.00 , 0.7 , 0.8 , 16700 , 4.0722 , -0.00044530 
10.00 , 0.9 , 0.8 , 16700 , 4.0722 , -0.00387360 
10.00 , 0.3 , 1.0 , 16700 , 4.0722 , -0.00002214 
10.00 , 0.5 , 1.0 , 16700 , 4.0722 , -0.00020716 
10.00 , 0.7 , 1.0 , 16700 , 4.0722 , -0.00118654 
10.00 , 0.9 , 1.0 , 16700 , 4.0722 , -0.00674457 
